110.62
158.82
135.67
109.48
157.70
156.98
149.28
175.49
101.05
197.97
102.21
183.99
116.82
173.15
103.34
192.57
112.56
143.67
147.06
153.19
195.29
174.19
129.45
106.80
101.43
141.27
102.84
128.31
100.99
146.88
190.70
166.94
145.55
115.70
130.70
126.45
189.68
131.77
113.41
108.66
178.93
174.60
136.09
199.43
164.17
147.96
197.15
111.17
171.26
155.49
115.10
108.25
128.35
166.55
167.82
132.58
128.36
132.78
112.97
115.45
183.94
161.57
168.22
108.59
113.49
125.87
101.41
192.61
182.87
191.70
104.98
124.30
115.21
174.20
106.28
165.20
173.15
191.39
196.27
194.01
112.08
170.31
142.49
142.19
101.20
174.90
189.21
108.65
109.50
166.94
137.52
102.54
158.38
181.74
141.20
135.68
149.21
199.19
150.38
135.92
184.80
116.97
184.37
181.16
116.85
187.74
117.49
159.89
168.15
165.11
117.16
148.87
197.81
114.08
182.35
160.83
100.51
180.81
192.32
156.13
156.92
183.94
190.32
130.86
180.99
185.13
195.30
191.13
142.35
119.75
155.49
198.04
177.16
120.77
132.40
121.53
139.00
148.23
131.02
172.08
183.12
144.82
172.52
189.16
121.89
174.17
139.73
152.85
137.01
162.47
111.98
150.42
184.92
156.32
146.55
174.04
186.05
130.36
156.24
147.36
145.31
126.43
179.43
178.99
111.85
182.90
137.93
119.03
149.23
117.54
130.44
151.26
153.85
160.18
115.16
187.95
128.90
192.42
193.55
146.99
193.99
140.98
119.23
181.50
186.62
188.26
120.90
101.41
190.22
109.40
146.10
172.83
106.15
118.54
104.15
106.73
171.96
108.51
110.47
151.28
116.65
198.24
112.41
183.71
135.31
159.78
106.81
156.95
159.87
183.21
143.62
194.11
100.90
151.48
146.44
139.13
135.67
139.89
170.87
166.40
122.31
124.94
164.75
123.50
126.51
186.30
190.30
131.84
157.87
111.79
117.74
197.76
126.10
170.37
102.30
193.36
143.85
101.05
112.02
150.52
122.78
176.50
182.61
174.39
131.81
139.36
137.37
123.15
112.88
176.63
124.94
119.91
178.09
192.89
196.13
159.37
144.53
166.47
161.77
147.10
198.27
124.62
148.33
162.47
117.27
153.30
194.99
167.69
124.59
165.25
116.96
194.68
187.90
185.98
192.98
129.40
129.00
181.43
122.29
178.69
157.88
143.50
135.80
148.71
100.04
169.81
139.60
185.99
142.74
122.88
115.12
132.17
186.17
130.32
199.23
121.75
148.91
192.52
120.56
108.58
143.61
197.34
173.30
141.10
108.26
102.02
168.99
119.27
151.47
132.17
118.09
156.47
145.79
164.43
158.57
138.78
182.18
105.33
166.35
120.92
180.99
152.00
154.04
123.17
139.94
122.29
188.48
197.00
187.95
171.49
134.99
108.21
105.28
170.99
167.04
146.12
164.99
109.85
163.65
104.79
148.50
194.85
153.36
198.02
188.91
166.57
154.06
163.73
199.82
119.63
100.66
185.27
154.34
113.54
148.88
107.35
189.36
187.73
192.75
152.45
123.67
148.39
135.93
149.95
194.56
178.47
112.38
174.75
137.82
132.52
160.74
154.55
158.13
117.76
118.48
145.93
163.30
129.64
116.93
198.13
164.37
105.82
126.32
120.20
175.98
185.97
121.04
142.68
186.67
116.33
109.91
117.88
106.87
118.02
103.40
134.21
144.24
145.64
170.52
129.67
100.40
199.07
171.70
177.07
130.78
115.42
140.73
179.16
160.54
160.19
128.98
155.95
103.09
157.47
117.95
128.41
185.17
147.11
152.54
102.52
142.57
133.96
146.69
136.44
114.03
198.56
165.51
129.32
127.28
171.83
193.57
105.24
140.77
137.50
157.69
177.95
177.69
114.70
184.41
173.20
164.30
190.98
137.32
153.89
163.93
120.95
197.34
140.65
180.08
179.69
120.40
145.21
187.26
161.34
131.20
137.33
136.47
143.38
189.17
147.46
174.02
194.86
193.34
166.48
106.75
192.92
176.49
141.95
144.55
126.11
175.89
185.41
152.07
105.23
157.61
199.78
145.24
172.95
114.80
107.25
175.77
101.94
156.17
108.72
156.50
197.76
150.61
133.62
194.49
177.91
195.87
145.45
114.56
180.89
135.23
153.12
176.35
170.55
154.53
140.15
109.95
139.90
153.74
165.24
121.76
186.00
102.30
105.94
150.64
122.90
155.51
114.56
187.05
123.11
130.40
130.29
102.64
129.76
113.68
144.93
176.54
161.41
102.30
150.73
145.97
139.46
157.06
108.55
153.18
103.84
183.83
162.09
108.97
147.31
143.82
189.47
143.41
190.47
133.81
127.61
168.74
140.39
170.90
126.53
136.44
124.09
162.06
191.03
130.61
164.81
138.38
145.28
103.41
173.81
186.20
112.15
124.59
163.33
112.91
133.88
186.87
147.48
143.98
172.88
181.70
186.73
159.38
122.49
135.84
149.25
142.81
126.25
177.96
107.62
134.93
151.15
187.02
162.93
153.10
185.57
159.02
190.04
164.51
135.74
117.35
127.49
176.96
175.90
183.35
193.51
141.99
166.88
118.45
195.53
149.10
195.31
146.77
114.92
126.15
101.53
168.28
190.73
151.40
158.00
176.29
196.86
125.50
132.01
100.40
105.42
147.83
116.68
106.17
155.87
191.27
142.26
196.25
104.17
171.43
186.39
174.03
109.15
162.47
186.05
150.81
124.43
119.85
117.03
199.88
103.17
132.44
146.93
187.05
190.38
141.35
186.98
136.09
172.89
130.76
164.76
119.58
180.69
117.48
114.90
101.07
184.77
139.85
138.40
192.79
116.63
174.60
112.08
134.52
142.48
190.33
139.57
144.06
161.11
180.37
122.65
137.35
158.52
104.27
197.40
167.25
145.03
107.30
123.75
183.90
120.40
180.49
138.61
176.89
161.73
169.60
183.17
119.47
104.88
141.08
193.07
198.61
195.61
165.34
196.44
181.16
118.80
183.21
199.35
135.98
176.01
180.26
150.84
104.67
169.93
105.38
170.25
189.35
172.25
135.02
188.63
105.16
196.49
102.40
102.90
126.90
170.96
182.57
166.47
144.94
108.78
147.97
143.30
133.47
101.58
187.12
133.74
125.98
121.36
109.25
139.99
187.40
101.19
141.53
176.53
169.97
179.46
162.45
146.66
140.92
134.64
104.61
100.08
174.05
108.08
103.54
158.51
104.32
110.84
165.06
146.43
154.87
137.10
173.32
191.99
159.40
161.57
163.73
169.99
119.01
181.33
140.97
142.80
152.63
173.40
130.65
117.97
122.65
178.53
115.09
181.95
143.26
189.11
118.72
188.12
108.28
114.33
176.58
174.45
106.90
119.40
140.53
160.95
131.50
187.28
152.35
130.66
119.87
130.99
139.98
128.81
115.55
192.76
174.06
124.84
174.86
102.08
155.41
168.89
196.81
129.01
190.99
140.78
103.05
161.26
155.78
132.68
148.83
154.13
131.21
129.29
103.36
150.81
156.65
148.89
197.97
147.23
130.26
187.21
103.95
180.44
147.48
162.29
168.47
152.48
171.29
192.85
106.56
162.51
187.00
155.64
119.89
109.50
106.01
157.47
189.03
144.65
148.23
126.98
164.77
198.51
150.48
177.72
166.31
180.94
119.82
119.60
179.36
154.00
174.84
198.68
135.46
107.53
195.29
126.86
145.48
125.08
131.31
122.33
154.93
113.83
106.90
119.27
186.13
186.46
189.30
121.21
133.64
125.14
185.73
165.91
183.02
128.10
172.11
142.04
130.12
137.95
154.64
147.64
188.72
177.51
114.09
108.98
187.13
173.69
185.72
184.23
171.43
132.83
182.51
161.49
152.26
142.09
178.91
122.74
155.12
110.44
133.33
186.34
159.71
130.19
143.36
159.43
143.16
135.55
194.90
128.63
173.86
157.85
188.32
192.37
138.09
129.25
198.78
191.66
119.80
165.99
154.98
127.18
195.57
170.62
101.91
160.29
151.38
128.39
146.08
182.97
175.37
137.26
169.08
107.56
132.09
103.19
134.92
170.90
177.22
152.97
110.00
169.51
129.21
165.05
160.27
142.58
174.55
195.92
190.06
197.69
146.50
183.97
138.95
130.52
183.89
145.91
158.92
124.41
146.04
141.85
152.73
128.01
132.80
174.19
166.04
100.25
134.33
102.77
191.06
180.51
114.42
104.40
157.33
188.79
113.36
177.93
156.44
186.10
141.27
198.15
172.08
128.14
121.70
151.42
163.89
126.92
136.32
143.67
184.28
194.28
116.34
157.76
191.36
179.15
124.31
151.15
157.39
125.68
170.32
127.11
162.56
173.64
111.02
183.24
106.89
194.21
186.91
139.42
168.89
104.47
163.49
174.21
189.57
132.03
